007057750029
007012808189
007013532471
007231877550
007233143272
007217719462
007029951165
007234066688
007216777540
007024382032
007016612688
007319039833
007027817528
007051150825
007311643273
007216035821
007234522084
007236700271
007051862044
007218922949
007219285066
007214413149
007055946716
007315077919
007216771513
007214786084
007317912899
007011964408
007233594285
007026416242
007319190251
007023245524
007023275612
007239150189
007052274820
007313476825
007316955188
007025946862
007058532238
007211626102
007236077102
007024146989
007317868088
007234911482
007218865839
007232024075
007233261155
007239903657
007212377703
007059786029
007024419191
007017890569
007234585270
007014965946
007319318853
007314167119
007217129975
007314320766
007212873468
007018995305
007059873114
007018543235
007024957844
007315429947
007315469223
007217145343
007016694155
007054810124
007019165668
007316056940
007054754146
007231381159
007059017837
007236959628
007015816083
007219841559
007234773433
007015669774
007213371984
007014804632
007021423246
007024941979
007018786250
007021985127
007238237477
007236718262
007211379593
007311470195
007217748862
007024898436
007219667807
007058772322
007314872106
007012437195
007317455362
007053683969
007054425502
007316625017
007233391357
007314586513
